2019056113341
2019056134230
2019056134442
2019056135945
2019056141358
2019056141609
2019056142029
2019056142613
2019056142851
2019056143038
2019056144941
2019056150405
2019056155414
2019056160935
2019056164358
2019056172332
2019056194046
2019056194224
2019056202637
2019057124746
2019057152802
2019057183004
2019058110751
2019058113913
2019058155805
2019058203915
2019059110523
2019059121818
2019059121936
2019059132632
2019059175036
2019061195428
2019062111640
2019062115934
2019062123336
2019062132309
2019062132422
2019062133619
2019062145259
2019062151632
2019062151944
2019062162837
2019062184206
2019062204847
2019063124828
2019063125113
2019063125359
2019063172620
2019063194309
2019065123922
2019065192609
2019067202344
2019069110929
2019069174355
2019069192543
2019070141912
2019071193306
2019072125737
2019072182146
2019072191438
2019073181641
2019074124329
2019076121300
2019076153034
2019079194004
2019080144439
2019080185200
2019081191647
2019082110013
2019082184601
2019083155540
2019084120249
2019084122510
2019085172619
2019088164705
2019088170544
2019088190539
2019089122103
2019089174727
2019091115336
2019091124400
2019091124549
2019091194128
2019095195058
2019096153913
2019108115226
2019108194457
2019109110139
2019113121058
2019113121911
2019113131838
2019113162149
2019116172847
2019116192755
2019118172711
2019119115144
2019119183625
2019119191350
2019119202715
2019121121259
2019122144905
2019122145849
2019122184723
2019123185725
2019125152422
2019125184204
2019125184321
2019126154411
2019127163835
2019128160112
2019129140346
2019130145013
2019131122744
2019141154310
2019141180243
2019141180418
2019141185309
2019141195300
2019141201559
2019270153953
2019270161618
2019271200551
2019273183049
2019273194358
2019275140607
2019275164042
2019279204510
2019282165906
2019285172322
2019289144144
2019290114219
2019299130236
2019334135000
2019339175742
2020024110951
2020024165658
2020026164145
2020035122657
2020035185700
2020036151653
2020038135307
2020087180216
2020092135656
2020093140824
2020093204458
2020094121306
2020094133508
2020096185340
2020097141620
2020098171114
2020100185850
2020102160731
2020102171439
2020102180250
2020113201416
2020114130422
2020114181531
2020114190542
2020114193251
2020115135935
2020118192502
2020122192818
2020139204839
2020141141127
2020141170645
2020144111518
2020144125800
2020144181212
2020147151819
2020148191806
2020148192329
2020234160701
